 awayp
  [1]  3.041202e-01  3.620041e-01  2.154526e-01  8.548672e-02  2.543940e-02  6.056269e-03  1.201495e-03  2.043113e-04  3.039979e-05  4.020650e-06
 [11]  4.785910e-07  5.178930e-08  5.137206e-09  4.703833e-10  3.999375e-11  3.173723e-12  2.361116e-13  1.653243e-14  1.093282e-15  6.849312e-17
 [21]  4.076479e-18  2.310650e-19  1.250200e-20  6.470235e-22  3.209054e-23  1.527936e-24  6.995200e-26  3.083931e-27  1.311037e-28  5.381273e-30
 [31]  2.135168e-31  8.198578e-33  3.049698e-34  1.100047e-35  3.851238e-37  1.309787e-38  4.330782e-40  1.393262e-41  4.364329e-43  1.332052e-44
 [41]  3.963960e-46  1.150837e-47  3.261614e-49  9.028849e-51  2.442575e-52  6.461058e-54  1.671914e-55  4.234327e-57  1.050053e-58  2.550842e-60
 [51]  6.072699e-62  1.417359e-63  3.244477e-65  7.286804e-67  1.606244e-68  3.476299e-70  7.389197e-72  1.543088e-73  3.166875e-75  6.389209e-77
 [61]  1.267547e-78  2.473446e-80  4.748747e-82  8.972360e-84  1.668764e-85  3.055975e-87  5.511554e-89  9.791913e-91  1.714063e-92  2.956964e-94
 [71]  5.028242e-96  8.429970e-98  1.393676e-99 2.272517e-101 3.655474e-103 5.801638e-105 9.086680e-107 1.404697e-108 2.143662e-110 3.229963e-112
 [81] 4.805911e-114 7.062508e-116 1.025211e-117 1.470292e-119 2.083495e-121 2.917707e-123 4.038420e-125 5.525359e-127 7.473879e-129 9.995954e-131
 [91] 1.322056e-132 1.729326e-134 2.237470e-136 2.863799e-138 3.626460e-140 4.543887e-142 5.634099e-144 6.913866e-146 8.397754e-148 1.009709e-149
>     homep
  [1]  2.114479e-01  3.285428e-01  2.552411e-01  1.321958e-01  5.135070e-02  1.595750e-02  4.132398e-03  9.172604e-04  1.781522e-04  3.075652e-05
 [11]  4.778876e-06  6.750277e-07  8.740351e-08  1.044658e-08  1.159403e-09  1.200969e-10  1.166273e-11  1.065958e-12  9.201444e-14  7.524730e-15
 [21]  5.845874e-16  4.325325e-17  3.054812e-18  2.063694e-19  1.336049e-20  8.303689e-22  4.962337e-23  2.855690e-24  1.584680e-25  8.490476e-27
 [31]  4.397434e-28  2.204074e-29  1.070199e-30  5.038941e-32  2.302761e-33  1.022279e-34  4.412202e-36  1.852858e-37  7.576125e-39  3.018360e-40
 [41]  1.172464e-41  4.443286e-43  1.643779e-44  5.939688e-46  2.097488e-47  7.242283e-49  2.446280e-50  8.087175e-52  2.617846e-53  8.301118e-55
 [51]  2.579616e-56  7.859112e-58  2.348328e-59  6.884483e-61  1.980916e-62  5.596183e-64  1.552717e-65  4.232589e-67  1.133879e-68  2.986092e-70
 [61]  7.732865e-72  1.969696e-73  4.936237e-75  1.217430e-76  2.955647e-78  7.065253e-80  1.663307e-81  3.857323e-83  8.813850e-85  1.984747e-86
 [71]  4.405504e-88  9.641081e-90  2.080567e-91  4.428406e-93  9.298315e-95  1.926334e-96  3.938279e-98 7.947019e-100 1.583063e-101 3.113577e-103
 [81] 6.047254e-105 1.160010e-106 2.198044e-108 4.114782e-110 7.611251e-112 1.391316e-113 2.513713e-115 4.489366e-117 7.926672e-119 1.383851e-120
 [91] 2.389106e-122 4.079271e-124 6.889430e-126 1.151036e-127 1.902609e-129 3.111820e-131 5.036534e-133 8.067678e-135 1.279119e-136 2.007541e-138
>      N<-sum(!(is.na(homes)))
>      N
[1] 3310
>    
>     #then to find the expected number of matches with that many goals
>          #we multiply the probabilities with this number
>          awayp<-awayp*3310
>          homep<-homep*3310
>          awayp
  [1]  1.006638e+03  1.198234e+03  7.131480e+02  2.829611e+02  8.420442e+01  2.004625e+01  3.976950e+00  6.762703e-01  1.006233e-01  1.330835e-02
 [11]  1.584136e-03  1.714226e-04  1.700415e-05  1.556969e-06  1.323793e-07  1.050502e-08  7.815293e-10  5.472233e-11  3.618764e-12  2.267122e-13
 [21]  1.349314e-14  7.648251e-16  4.138164e-17  2.141648e-18  1.062197e-19  5.057469e-21  2.315411e-22  1.020781e-23  4.339531e-25  1.781201e-26
 [31]  7.067405e-28  2.713729e-29  1.009450e-30  3.641154e-32  1.274760e-33  4.335394e-35  1.433489e-36  4.611697e-38  1.444593e-39  4.409091e-41
 [41]  1.312071e-42  3.809269e-44  1.079594e-45  2.988549e-47  8.084924e-49  2.138610e-50  5.534037e-52  1.401562e-53  3.475677e-55  8.443287e-57
 [51]  2.010063e-58  4.691458e-60  1.073922e-61  2.411932e-63  5.316668e-65  1.150655e-66  2.445824e-68  5.107621e-70  1.048236e-71  2.114828e-73
 [61]  4.195581e-75  8.187107e-77  1.571835e-78  2.969851e-80  5.523609e-82  1.011528e-83  1.824325e-85  3.241123e-87  5.673549e-89  9.787550e-91
 [71]  1.664348e-92  2.790320e-94  4.613067e-96  7.522031e-98  1.209962e-99 1.920342e-101 3.007691e-103 4.649548e-105 7.095522e-107 1.069118e-108
 [81] 1.590757e-110 2.337690e-112 3.393449e-114 4.866665e-116 6.896368e-118 9.657611e-120 1.336717e-121 1.828894e-123 2.473854e-125 3.308661e-127
 [91] 4.376007e-129 5.724068e-131 7.406026e-133 9.479174e-135 1.200358e-136 1.504026e-138 1.864887e-140 2.288490e-142 2.779656e-144 3.342136e-146
>         homep
  [1]  6.998927e+02  1.087477e+03  8.448479e+02  4.375683e+02  1.699708e+02  5.281933e+01  1.367824e+01  3.036132e+00  5.896838e-01  1.018041e-01
 [11]  1.581808e-02  2.234342e-03  2.893056e-04  3.457817e-05  3.837625e-06  3.975208e-07  3.860365e-08  3.528320e-09  3.045678e-10  2.490686e-11
 [21]  1.934984e-12  1.431682e-13  1.011143e-14  6.830826e-16  4.422324e-17  2.748521e-18  1.642533e-19  9.452333e-21  5.245290e-22  2.810348e-23
 [31]  1.455551e-24  7.295485e-26  3.542360e-27  1.667890e-28  7.622140e-30  3.383743e-31  1.460439e-32  6.132961e-34  2.507698e-35  9.990773e-37
 [41]  3.880857e-38  1.470728e-39  5.440910e-41  1.966037e-42  6.942685e-44  2.397196e-45  8.097187e-47  2.676855e-48  8.665071e-50  2.747670e-51
 [51]  8.538530e-53  2.601366e-54  7.772964e-56  2.278764e-57  6.556833e-59  1.852337e-60  5.139495e-62  1.400987e-63  3.753139e-65  9.883964e-67
 [61]  2.559578e-68  6.519693e-70  1.633894e-71  4.029693e-73  9.783191e-75  2.338599e-76  5.505545e-78  1.276774e-79  2.917384e-81  6.569511e-83
 [71]  1.458222e-84  3.191198e-86  6.886678e-88  1.465802e-89  3.077742e-91  6.376165e-93  1.303570e-94  2.630463e-96  5.239939e-98  1.030594e-99
 [81] 2.001641e-101 3.839633e-103 7.275526e-105 1.361993e-106 2.519324e-108 4.605255e-110 8.320391e-112 1.485980e-113 2.623728e-115 4.580548e-117
 [91] 7.907941e-119 1.350239e-120 2.280401e-122 3.809929e-124 6.297636e-126 1.030012e-127 1.667093e-129 2.670401e-131 4.233884e-133 6.644959e-135
